3209
611.000000
80
39
1000
0.000860
0.001720
0.002665
0.003611
0.002686
0.001761
0.002748
0.003735
0.004659
0.002811
0.002983
0.003155
0.003010
0.002865
0.001076
0.001076
0.002151
0.002893
0.003636
0.006679
0.009723
0.006612
0.003500
0.002969
0.002439
0.001219
0.001427
0.002853
0.002086
0.001318
0.001432
0.001547
0.002579
0.003611
0.001806
0.000345
0.000345
0.000690
0.004501
0.008312
0.011602
0.014891
0.020798
0.022261
0.019334
0.019385
0.019436
0.018897
0.018359
0.016763
0.015167
0.011953
0.008739
0.013120
0.017500
0.017565
0.019572
0.021578
0.023398
0.025218
0.024190
0.023161
0.026999
0.030836
0.034489
0.038142
0.042198
0.046255
0.063141
0.101603
0.140065
0.156498
0.172932
0.180699
0.188465
0.195404
0.202342
0.209956
0.217571
0.227418
0.237265
0.195987
0.194910
0.193833
0.211742
0.229650
0.246828
0.264006
0.281468
0.298930
0.311548
0.324167
0.330277
0.332625
0.327930
0.323611
0.319292
0.311727
0.304161
0.291989
0.279818
0.270092
0.260367
0.235299
0.226268
0.217236
0.207949
0.198661
0.192650
0.186638
0.180988
0.175337
0.170826
0.166315
0.156554
0.155596
0.154638
0.153355
0.152072
0.159866
0.167660
0.175513
0.183365
0.192403
0.201440
0.212630
0.218837
0.225044
0.225665
0.226286
0.222634
0.218982
0.214640
0.210298
0.196599
0.194213
0.191828
0.188584
0.185340
0.182687
0.180034
0.181037
0.182040
0.183194
0.184349
0.188495
0.195774
0.203053
0.206277
0.209501
0.215493
0.221485
0.224579
0.227673
0.238515
0.243417
0.248320
0.254443
0.260566
0.265544
0.270522
0.275634
0.280745
0.284929
0.291427
0.297925
0.303452
0.308979
0.317600
0.326221
0.338864
0.354670
0.370477
0.394162
0.417848
0.460009
0.502170
0.556323
0.610477
0.717301
0.766029
0.814757
0.846223
0.877689
0.888391
0.899092
0.856615
0.821904
0.787192
0.742244
0.697295
0.649577
0.601859
0.567616
0.533373
0.493978
0.479773
0.465568
0.461793
0.458017
0.456461
0.454905
0.455539
0.455564
0.455514
0.459208
0.462902
0.468334
0.473765
0.481591
0.488411
0.495231
0.506958
0.518685
0.531708
0.544731
0.565749
0.580688
0.595626
0.606973
0.618319
0.636618
0.645871
0.655124
0.660702
0.666279
0.667174
0.668068
0.671466
0.667627
0.663789
0.661252
0.658715
0.653771
0.648827
0.643540
0.640330
0.637120
0.636747
0.636374
0.629756
0.642191
0.654626
0.678236
0.701845
0.754516
0.807186
0.904496
0.936650
0.968805
0.984403
1.000000
0.999513
0.990452
0.981391
0.948794
0.916197
0.800804
0.762405
0.724006
0.698489
0.672973
0.636228
0.626938
0.617648
0.612399
0.607150
0.586539
0.576443
0.566347
0.552251
0.538156
0.508619
0.493025
0.477431
0.462427
0.447423
0.423580
0.414412
0.405244
0.399954
0.394665
0.380764
0.375569
0.370375
0.366401
0.362428
0.354570
0.352827
0.351084
0.345276
0.339469
0.328094
0.322547
0.317001
0.310881
0.304760
0.290999
0.286919
0.282838
0.276354
0.271512
0.266671
0.258632
0.250593
0.239517
0.235498
0.231479
0.228046
0.224612
0.216924
0.210589
0.204254
0.197826
0.194448
0.191069
0.188062
0.185056
0.172194
0.173317
0.174440
0.173743
0.168755
0.163767
0.159610
0.155453
0.149138
0.147065
0.144991
0.140368
0.138197
0.136026
0.132433
0.128840
0.120195
0.118392
0.116589
0.113280
0.114923
0.116566
0.114990
0.118547
0.122105
0.124984
0.127864
0.132852
0.133882
0.131822
0.132041
0.131285
0.130530
0.123389
0.118164
0.112940
0.106859
0.100777
0.081299
0.078568
0.075836
0.064483
0.062839
0.061195
0.060977
0.058590
0.056203
0.050259
0.050487
0.050714
0.043586
0.044126
0.044667
0.046947
0.049373
0.051798
0.046596
0.041393
0.039626
0.038824
0.038022
0.042123
0.044221
0.040025
0.038364
0.037287
0.036211
0.034050
0.030069
0.026088
0.039871
0.040402
0.040934
0.032767
0.031139
0.029511
0.023103
0.026669
0.030235
0.028571
0.027971
0.027371
0.029626
